29 35
38 78
63 19
5 92
38 29
9 81
7 50
82 26
13 65
12 88
66 22
6 86
91 65
29 2
86 19
37 96
56 35
43 10
77 55
25 85
60 56
22 56
80 62
61 99
64 98
69 95
27 86
71 55
42 65
76 19
94 48
17 49
16 94
87 68
14 88
76 1
51 3
65 8
13 19
97 64
12 7
54 73
54 59
100 36
36 21
3 43
63 76
84 60
23 53
71 8
35 48
54 81
60 98
8 12
91 29
39 45
42 61
86 91
85 54
74 35
70 54
21 54
61 63
96 87
9 34
80 100
35 68
68 32
82 4
80 3
52 19
35 55
48 10
99 52
93 97
7 69
90 100
25 93
20 36
71 89
71 11
93 63
55 90
1 55
94 42
59 65
60 87
14 36
87 62
97 32
6 94
15 27
85 77
17 48
85 41
1 48
67 62
20 62
26 87
84 10
48 57
40 29
85 91
2 88
72 61
73 9
84 69
74 58
15 73
49 87
72 63
79 70
88 82
83 86
71 94
93 37
23 41
82 24
11 27
33 57
30 13
25 96
75 46
66 90
31 99
16 73
35 90
29 48
83 67
65 96
55 32
56 53
26 62
57 4
85 98
77 100
83 69
83 27
75 24
1 70
89 80
43 70
3 31
74 60
74 61
40 91
2 3
86 67
100 62
93 42
51 60
75 59
43 36
98 89
46 32
42 44
97 73
77 24
23 48
70 23
30 58
24 5
86 39
22 30
66 41
33 9
8 68
93 35
21 46
51 50
36 62
42 61
90 26
7 34
31 76
42 3
98 46
43 4
46 69
25 67
15 92
22 77
76 82
5 34
30 7
37 14
78 30
82 68
64 56
74 100
34 87
10 88
67 54
89 47
27 93
65 12
83 14
67 99
33 22
61 55
80 38
40 95
29 92
28 25
30 19
78 62
9 26
30 3
69 49
74 93
60 79
57 52
60 90
24 47
12 45
65 49
25 21
96 73
93 89
76 13
3 36
14 81
49 68
71 65
15 28
75 62
67 7
1 99
11 58
38 37
86 78
18 6
10 39
72 100
43 23
2 35
92 49
100 82
61 33
17 79
78 7
78 14
71 62
57 45
1 65
63 54
64 34
75 99
55 48
93 79
100 62
74 79
15 59
44 19
53 37
64 40
77 73
74 93
27 10
67 66
39 20
59 57
20 14
59 24
25 39
91 76
76 32
12 52
28 13
63 69
72 41
15 65
1 49
2 9
75 30
37 55
55 69
36 19
55 90
53 59
29 100
75 71
73 8
85 44
47 19
93 73
49 44
89 36
64 4
74 54
74 17
18 56
69 26
47 19
1 79
25 94
78 24
42 56
10 58
57 65
63 13
79 45
95 68
70 39
76 88
19 62
78 76
10 19
83 28
25 31
17 1
72 96
18 16
35 95
56 68
29 10
39 44
97 1
61 95
74 56
35 62
48 41
22 91
42 92
66 53
65 96
93 9
64 57
99 5
25 55
28 59
34 49
42 49
91 1
27 81
59 82
22 87
89 42
73 69
24 45
98 76
11 43
13 17
79 56
51 32
43 79
38 14
15 63
30 35
63 17
76 50
55 49
41 49
89 81
87 32
70 50
16 43
7 46
83 49
66 34
16 54
38 12
80 33
43 99
97 9
25 89
1 20
10 49
67 79
20 41
42 20
84 21
33 81
6 72
44 62
74 71
98 21
98 40
18 94
6 47
64 18
55 19
63 67
85 74
84 64
84 88
10 92
60 71
33 76
71 22
50 24
11 62
42 58
86 48
6 66
75 3
48 81
55 90
84 49
45 19
23 87
17 37
60 43
13 81
66 8
81 45
74 34
43 14
70 62
27 53
14 92
93 64
72 38
97 42
76 55
81 68
22 50
33 9
27 6
29 90
15 33
51 54
43 77
98 61
59 49
83 49
35 96
3 49
25 44
25 98
80 48
5 62
70 20
28 69
91 76
60 37
1 79
72 26
72 78
61 53
50 88
86 90
76 99
22 69
85 36
76 59
31 56
85 65
61 43
15 68
74 10
52 87
41 14
9 81
97 30
71 92
22 90
63 92
85 59
33 5
93 4
88 92
63 12
98 26
61 52
36 62
98 46
88 19
9 26
89 94
7 5
51 24
64 55
58 50
99 90
71 32
10 58
77 10
57 49
89 68
58 68
11 1
25 35
38 49
77 12
75 25
41 7
41 50
15 30
16 98
16 70
78 58
25 57
35 49
93 62
98 40
91 76
84 27
42 3
60 3
49 32
34 49
94 17
77 45
98 43
25 57
31 59
42 44
7 52
52 45
15 30
58 14
67 49
23 90
42 55
1 20
93 31
37 46
74 31
100 87
27 43
89 78
16 94
28 39
13 79
25 90
44 32
51 48
16 22
11 65
91 24
86 62
8 69
51 97
69 44
20 47
46 92
16 20
67 82
71 19
52 47
85 32
76 43
69 26
84 71
15 6
85 92
57 88
25 48
99 35
14 59
43 59
41 50
84 40
35 57
13 14
34 46
90 39
31 12
72 47
42 63
96 34
100 34
76 57
13 1
74 59
97 21
79 14
81 19
15 43
11 6
46 92
27 1
75 85
28 2
97 56
72 5
63 3
27 88
84 93
3 14
2 52
69 32
15 11
73 34
6 30
11 1
72 39
29 19
86 10
63 88
53 26
35 69
96 95
70 77
14 12
13 77
72 98
53 47
15 66
23 32
97 46
28 92
41 57
10 32
30 34
41 82
58 46
67 19
77 12
20 52
79 7
42 3
75 13
37 59
10 50
37 77
22 70
64 22
12 7
74 1
86 17
86 39
98 14
97 81
72 79
77 7
96 26
22 14
40 66
3 31
40 35
22 9
49 19
38 92
48 41
33 95
91 4
11 49
16 78
88 68
21 54
98 21
56 14
48 26
1 35
1 45
51 76
88 69
73 82
94 70
83 76
25 19
72 80
64 8
76 14
84 99
15 44
59 87
38 41
63 48
51 72
71 45
3 36
85 34
50 32
89 67
16 31
33 78
59 47
85 52
76 49
97 79
45 5
30 65
37 5
80 91
38 26
98 73
84 83
26 19
63 79
86 92
13 99
84 42
79 20
11 96
89 19
94 68
28 29
25 88
56 5
89 24
64 68
69 87
86 79
42 90
81 8
3 76
51 49
89 35
24 46
15 88
84 69
93 23
26 62
10 82
27 6
99 19
25 21
17 58
94 100
47 69
52 95
22 26
72 41
83 19
27 33
47 87
18 43
64 79
63 79
80 1
55 19
42 23
91 96
61 62
75 64
15 46
75 43
98 63
43 45
22 59
17 73
9 12
85 97
46 95
61 70
38 4
18 23
82 47
74 51
75 6
89 22
6 91
1 79
64 94
71 63
83 98
88 52
65 87
51 67
75 59
80 26
49 62
60 76
18 81
75 91
66 48
61 87
11 20
55 95
36 34
64 40
75 47
63 35
42 8
93 52
15 55
42 38
13 52
83 82
18 14
43 23
98 53
98 81
90 5
80 95
99 34
25 89
85 47
63 100
84 99
73 8
62 68
90 12
83 34
63 92
89 54
89 50
91 1
80 90
22 92
62 4
56 48
37 57
14 62
17 90
85 11
20 73
18 68
98 49
15 79
84 76
61 4
7 46
44 87
40 2
75 6
15 4
56 12
67 38
93 62
14 81
38 45
15 81
59 88
93 76
60 40
11 96
77 39
25 57
30 14
33 30
90 21
39 20
94 91
18 81
75 88
28 48
6 34
18 82
90 47
75 79
78 54
98 88
66 90
72 37
64 24
48 10
92 47
60 87
30 32
26 49
1 92
28 62
23 34
93 55
15 72
45 19
60 16
84 47
10 52
96 81
66 87
48 9
75 51
76 44
33 2
11 17
79 23
33 49
95 4
15 34
35 20
85 1
37 82
48 52
11 36
33 59
75 80
27 49
9 12
93 9
83 9
51 77
83 39
80 5
28 8
79 49
8 52
98 50
94 1
81 88
61 48
79 73
9 32
29 46
27 24
15 56
67 73
71 9
90 47
36 12
6 82
33 17
98 86
16 56
67 3
33 44
78 36
63 81
11 61
1 55
38 79
10 96
57 81
51 9
71 6
60 40
75 55
64 19
43 53
33 53
41 73
38 70
37 69
2 4
35 52
3 32
74 1
97 21
85 77
28 99
100 21
2 31
76 99
50 24
89 57
63 39
61 69
61 50
5 49
18 3
15 93
82 26
43 87
89 5
6 49
5 46
71 6
57 73
1 41
80 63
33 68
61 35
35 14
17 43
78 58
31 58
97 1
13 65
2 24
48 8
90 88
56 7
28 86
98 34
96 69
16 72
82 32
37 68
6 53
70 100
11 49
89 23
25 42
39 81
89 50
75 18
86 21
67 1
60 44
41 100
77 9
15 63
82 24
12 26
11 100
91 95
91 78
60 59
74 37
6 61
30 4
98 29
97 26
28 54
30 34
15 90
85 2
40 59
5 49
10 39
16 77
16 87
55 41
15 60
93 31
46 26
53 34
42 20
3 35
8 82
98 47
33 20
11 48
15 91
61 70
86 90
3 17
10 65
73 12
55 50
16 4
15 42
90 26
13 32
98 87
86 1
80 46
35 14
84 99
67 92
87 4
84 31
35 62
23 5
39 41
3 44
67 9
16 78
75 45
10 62
6 2
91 39
75 20
64 56
96 47
60 72
46 26
9 62
41 81
74 40
86 26
18 42
11 68
3 53
80 17
94 81
50 88
54 24
67 68
38 88
56 14
17 95
76 23
16 73
6 69
60 79
3 68
96 4
28 82
55 21
75 87
2 3
93 43
75 58
14 32
10 8
27 5
17 26
84 32
88 24
10 81
63 96
82 87
77 57
83 90
51 18
10 39
48 87
64 3
6 89
10 52
79 77
77 81
43 90
31 58
75 52
86 19
26 44
99 82
70 81
70 41
57 47
40 62
98 21
8 82
43 8
38 37
66 65
18 45
30 9
61 91
42 39
14 88
3 45
88 68
27 100
93 78
80 38
64 30
18 69
3 47
29 73
15 54
79 8
80 2
36 96
90 26
8 24
28 47
91 65
33 90
77 24
83 75
28 98
18 98
98 56
19 68
28 43
25 32
12 50
60 76
85 38
16 62
2 3
79 14
7 19
84 93
25 38
60 21
29 69
42 12
65 9
60 7
16 14
48 46
80 22
70 36
89 1
80 33
49 32
96 68
89 14
40 96
98 96
96 69
13 95
33 4
60 87
100 12
2 1
40 86
71 30
42 45
7 47
84 38
72 49
58 88
57 46
71 89
8 19
74 80
24 44
11 1
29 9
78 41
15 22
25 82
83 17
60 13
70 37
63 37
71 94
80 36
85 71
15 64
79 82
8 95
74 22
59 12
79 69
91 73
91 43
39 46
77 24
23 14
61 59
17 10
59 24
18 88
75 66
25 95
53 100
76 45
42 35
40 82
3 54
98 34
15 31
11 81
48 81
2 79
28 56
8 45
10 41
60 79
22 44
99 87
51 91
71 34
22 20
35 58
13 34
83 14
71 2
74 40
37 39
42 65
30 2
39 8
74 69
83 98
51 6
7 49
71 27
31 88
16 3
36 88
29 36
89 40
97 17
24 92
36 24
22 62
29 48
78 58
53 5
85 79
80 9
38 66
91 87
38 26
17 46
22 30
24 69
75 48
49 62
66 77
15 26
2 36
45 4
91 46
15 41
27 68
27 7
43 26
84 70
36 68
29 44
63 88
60 34
96 49
70 35
43 41
94 76
27 34
51 81
64 98
10 52
79 39
63 73
3 53
85 67
63 67
1 39
35 20
55 47
42 23
91 30
11 69
83 100
61 65
94 95
72 68
3 58
53 44
61 20
63 57
23 54
89 62
78 44
2 100
48 24
12 82
74 99
60 96
40 69
64 49
18 30
21 12
23 34
25 30
83 4
100 96
87 32
75 36
38 81
18 10
37 8
77 19
84 76
75 38
75 98
51 71
53 100
86 52
38 48
75 9
51 34
38 88
6 78
20 8
78 79
84 19
85 2
15 47
21 49
39 82
64 20
82 68
64 23
6 31
75 92
83 93
78 88
15 99
74 21
63 88
6 44
76 56
46 62
30 81
31 35
40 56
62 68
66 52
53 5
30 73
74 14
51 29
36 81
83 61
85 51
15 9
83 95
56 12
40 56
74 64
53 14
21 32
15 18
7 49
91 78
51 40
41 26
54 46
70 77
18 36
46 62
54 45
2 96
85 60
94 37
30 32
40 26
51 92
78 82
51 44
66 69
40 47
77 73
51 66
9 88
99 88
18 54
98 9
88 24
18 99
75 62
17 23
88 82
6 43
61 79
85 18
3 73
42 52
89 23
29 59
33 59
63 40
1 87
89 14
72 79
21 26
85 31
64 87
67 59
25 53
74 36
98 91
1 10
40 32
15 59
54 8
15 71
39 96
71 36
86 95
53 49
83 74
67 1
98 79
2 81
61 36
79 35
46 4
28 87
98 78
69 4
89 30
72 46
86 22
53 39
56 48
13 69
82 24
94 68
97 32
64 94
98 33
61 22
84 80
97 2
5 87
79 90
1 87
54 46
30 53
7 49
24 45
55 5
93 92
53 32
98 100
91 92
3 21
13 90
23 24
75 49
29 49
41 57
72 63
57 47
17 5
37 10
27 17
57 73
27 55
12 95
67 65
89 62
58 9
29 39
78 100
66 2
23 10
29 62
8 95
79 62
17 48
42 22
96 32
82 26
75 92
11 24
51 52
22 87
16 6
40 68
80 96
3 17
84 13
46 44
13 44
53 21
29 37
13 44
99 26
89 33
1 19
25 72
40 36
21 34
40 77
43 53
43 9
93 88
72 9
84 52
98 48
79 10
63 55
90 46
100 81
60 17
75 80
38 8
29 79
56 77
78 24
77 59
42 17
73 88
83 81
74 12
18 2
13 17
71 48
17 36
27 29
85 94
93 14
20 5
41 34
38 77
24 44
98 29
75 91
27 5
23 77
89 52
55 57
25 99
86 50
48 50
11 65
27 33
22 12
79 35
94 39
37 26
72 3
18 6
60 12
67 69
67 36
40 44
60 37
86 30
10 8
75 47
43 79
3 73
83 19
55 50
59 5
96 32
84 72
75 87
18 35
38 44
42 40
18 78
93 66
33 96
84 12
72 23
17 87
71 59
83 63
83 94
29 100
25 57
53 62
21 62
97 70
84 5
77 81
97 89
17 49
99 32
98 46
63 44
13 90
83 97
17 20
88 92
79 59
78 100
91 34
14 32
3 8
67 82
79 54
42 48
28 71
27 79
40 59
85 70
80 31
74 77
99 23
22 8
78 24
6 12
72 13
71 26
33 86
59 44
86 66
11 4
25 94
93 38
84 86
22 23
8 45
7 87
97 73
78 92
78 10
51 64
50 19
48 12
99 57
37 14
60 36
89 50
2 31
18 21
83 92
85 21
67 55
36 62
82 87
90 32
61 91
91 37
29 45
71 64
15 14
83 17
31 1
79 34
18 61
93 87
27 79
98 68
73 4
28 71
2 43
18 57
71 100
99 47
1 87
18 44
80 8
51 62
76 88
98 1
46 26
100 34
29 39
18 81
67 48
28 12
22 10
51 35
35 44
51 47
72 90
40 3
28 56
11 57
60 52
98 20
74 40
72 22
59 52
10 46
2 77
93 26
6 33
78 8
51 41
17 88
17 99
55 49
75 31
93 1
66 12
6 4
60 32
13 81
93 92
80 50
74 33
10 44
84 28
49 87
6 35
67 59
64 52
42 82
40 20
72 94
35 90
50 82
8 68
66 23
86 53
38 35
76 19
20 82
11 2
85 1
10 87
75 7
50 44
80 41
28 57
39 36
93 14
13 48
51 32
1 21
79 58
25 99
79 87
86 55
37 87
89 68
73 68
74 3
72 49
78 14
11 81
77 12
72 1
73 8
22 37
55 20
15 32
86 47
39 14
34 47
61 62
64 73
30 46
67 48
36 8
85 8
60 23
77 9
6 8
93 79
8 32
71 82
72 68
94 42
79 14
51 80
33 13
47 69
18 88
97 55
92 26
64 4
98 17
64 4
65 96
16 96
74 95
13 54
34 69
25 4
64 45
14 52
37 45
38 14
22 31
76 81
63 67
75 56
8 5
85 72
99 14
73 49
65 34
53 7
41 68
93 13
20 95
98 56
80 43
61 8
13 19
2 9
64 47
76 79
33 8
98 32
29 26
33 10
57 52
42 56
85 50
3 88
86 19
66 69
35 32
25 79
80 33
10 58
22 39
38 91
97 78
78 46
28 22
33 22
16 92
24 69
91 3
33 47
54 24
36 24
30 36
45 95
41 88
60 45
24 47
39 8
22 48
22 1
22 26
37 52
16 20
55 19
29 92
23 62
69 95
29 19
18 86
94 8
31 32
86 37
61 44
40 10
94 47
28 32
55 8
60 44
83 30
94 55
56 99
33 10
76 54
74 35
23 92
100 49
77 4
37 73
15 77
98 5
80 54
39 95
55 19
84 87
98 20
89 100
2 58
42 38
91 4
91 55
94 52
83 52
60 59
29 68
14 69
86 19
90 48
78 7
73 24
2 21
21 54
70 44
83 50
74 1
84 34
42 100
93 95
18 46
51 40
40 91
31 46
97 18
93 37
15 68
30 54
43 4
42 33
2 19
5 49
60 43
6 2
78 44
40 99
52 47
84 29
70 23
18 76
78 90
76 46
74 13
11 3
91 39
84 89
6 98
91 41
84 12
11 23
97 86
11 65
63 29
41 8
90 96
41 62
15 5
97 48
86 34
85 47
97 35
75 97
42 37
72 79
42 96
64 95
64 31
2 34
29 7
56 8
3 70
41 100
40 91
17 70
85 62
15 88
25 68
12 5
12 87
94 14
97 24
74 6
30 1
6 4
93 9
51 40
33 3
84 4
15 61
40 37
59 9
76 62
63 13
66 77
72 76
66 88
42 61
80 43
89 47
9 7
94 56
78 23
74 79
7 82
9 26
66 24
11 82
86 13
64 53
98 56
75 92
100 57
72 42
8 32
74 87
2 65
41 19
38 12
83 87
63 29
83 16
16 87
59 34
74 77
99 88
20 45
80 55
91 41
67 73
64 57
16 73
63 9
67 1
43 21
38 21
73 24
85 76
85 41
72 19
43 35
78 24
9 49
3 65
89 43
7 47
68 32
83 40
16 77
71 62
63 91
63 77
40 69
89 44
15 53
61 35
72 100
25 2
60 32
15 23
37 48
64 79
11 39
14 73
81 69
40 73
30 77
57 69
19 68
15 75
59 95
97 6
54 96
74 82
80 100
33 13
86 22
86 46
67 58
98 89
66 1
22 9
83 66
13 96
67 47
18 32
84 9
77 95
70 82
55 4
16 39
64 86
33 41
36 82
2 95
7 87
25 22
61 100
63 43
16 14
63 7
89 57
56 50
86 36
44 95
92 32
30 77
71 21
84 61
15 52
85 18
6 65
71 79
59 7
37 48
63 82
71 2
11 62
91 55
6 5
84 56
11 31
10 59
63 99
37 50
42 76
15 35
71 7
86 70
78 37
85 38
6 30
61 100
51 7
25 87
51 60
63 5
38 66
17 58
60 22
12 32
3 76
21 32
23 35
10 81
86 53
53 81
28 49
52 46
42 9
66 57
61 55
38 3
43 54
33 87
92 68
49 95
63 21
37 24
17 44
20 57
66 19
28 36
71 40
3 68
42 95
16 46
40 3
90 41
55 82
88 19
77 44
94 12
94 26
90 9
74 3
22 70
40 4
27 55
34 46
14 34
53 32
58 19
72 37
29 62
6 34
81 34
93 8
40 14
15 74
66 78
30 68
99 81
97 35
75 6
61 43
24 34
28 98
72 14
8 52
27 90
61 14
30 35
6 100
72 20
99 92
75 81
59 50
66 70
29 58
70 12
77 34
73 81
11 14
38 54
80 68
61 54
94 88
28 61
86 53
75 21
75 68
38 90
78 24
27 52
48 9
2 37
35 37
29 5
12 7
51 64
18 31
98 59
60 90
6 33
43 44
80 21
23 5
30 45
98 4
72 24
84 99
8 7
96 4
37 90
94 69
89 65
93 55
79 5
65 49
23 21
35 9
28 76
8 26
75 37
25 7
78 20
53 49
98 79
30 43
70 69
98 78
33 21
42 3
34 4
76 82
71 55
83 33
76 68
3 13
33 2
35 49
39 44
89 66
85 100
21 46
93 3
23 49
37 47
18 47
84 72
27 80
93 13
56 48
74 58
5 19
63 81
83 93
94 10
71 17
83 20
63 5
6 96
31 90
18 82
98 12
89 41
75 82
43 48
64 14
30 46
2 58
100 12
69 19
83 72
27 50
6 98
71 100
37 41
70 19
40 86
98 73
25 90
30 43
41 73
29 99
83 96
30 45
2 90
54 87
53 19
42 73
93 29
2 12
76 62
77 69
59 19
56 24
41 65
74 95
80 61
18 7
14 92
78 13
75 10
29 70
33 30
38 10
40 3
43 39
7 95
93 57
74 71
80 1
74 54
84 21
99 26
51 42
10 21
75 45
86 90
87 68
27 72
86 67
10 45
97 70
83 66
86 8
96 5
93 100
65 26
22 23
70 35
25 43
25 12
15 74
65 44
94 61
93 14
10 57
71 37
88 46
48 82
87 32
11 77
46 92
4 68
93 10
69 62
76 8
18 99
22 13
76 41
85 61
65 32
11 29
91 30
84 64
15 49
43 92
81 45
76 8
88 62
58 36
29 65
78 14
40 82
91 56
85 60
76 62
15 12
51 82
40 88
21 92
42 23
61 66
74 77
69 49
9 69
64 70
72 43
30 62
78 41
5 47
71 64
43 5
23 65
99 23
75 62
70 24
43 77
11 90
9 62
10 65
84 63
25 99
36 68
92 4
2 41
66 2
98 40
50 19
72 30
15 4
42 36
6 7
89 65
90 73
69 62
58 5
60 76
54 88
27 98
15 20
1 21
54 12
13 82
1 24
88 52
89 92
33 96
65 88
98 66
78 69
97 56
66 78
76 13
30 2
31 19
85 66
60 94
54 47
24 4
35 32
48 47
79 12
41 62
83 85
67 95
63 47
14 54
42 35
83 51
3 32
29 88
89 9
97 42
89 2
80 13
59 82
75 72
66 65
75 38
